function [f] = EvaluatePolyfitN_disp(vars)
    f = -0.218215643577588 + 0.00784638866700311*vars(:,1) + -5.88770444606446e-05*vars(:,1).^2 + 0.00381461142553929*vars(:,2) + -1.12284706497535e-05*vars(:,2).^2 + -0.0390798671558410*vars(:,3) + 0.00110174342214853*vars(:,3).^2;
end